
power = 1983.7951089036
throughput = 7389.38
composite = 3828.7094303211
